2,5683748,recv,1
2,5685844,recv,2
2,5683748,recv,3
2,5685844,recv,4
1,5683748,recv,1
1,5685844,recv,2
2,5683748,recv,5
2,5685844,recv,6
1,5683748,recv,3
1,5685844,recv,4
2,5683748,recv,7
2,5685844,recv,8
1,5683748,recv,5
1,5685844,recv,6
2,5683748,recv,9
2,5685844,recv,10
1,5683748,recv,7
1,5685844,recv,8
2,5683748,recv,11
2,5685844,recv,12
1,5683748,recv,9
1,5685844,recv,10
2,5683748,recv,13
2,5685844,recv,14
1,5683748,recv,11
1,5685844,recv,12
2,5683748,recv,15
2,5685844,recv,16
1,5683748,recv,13
1,5685844,recv,14
2,5683748,recv,17
2,5685844,recv,18
1,5683748,recv,15
1,5685844,recv,16
2,5683748,recv,19
2,5685844,recv,20
